0 0 0.997814
0 0.444444 0.999147
0 0.888889 1.00027
0.111111 0 0.996646
0.111111 0.444444 0.997845
0.111111 0.888889 0.999313
0.222222 0 0.994327
0.222222 0.444444 0.994684
0.222222 0.888889 0.996795
0 0.333333 0.997968
0 0.777778 0.999815
0 1.22222 1.00116
0.111111 0.333333 0.996245
0.111111 0.777778 0.997845
0.111111 1.22222 0.999712
0.222222 0.333333 0.993435
0.222222 0.777778 0.994015
0.222222 1.22222 0.996644
0 0.666667 0.998122
0 1.11111 1.00048
0 1.55556 1.00205
0.111111 0.666667 0.995845
0.111111 1.11111 0.997845
0.111111 1.55556 1.00011
0.222222 0.666667 0.992543
0.222222 1.11111 0.993346
0.222222 1.55556 0.996493
0.333333 0 0.998432
0.333333 0.444444 1.00182
0.333333 0.888889 1.00382
0.444444 0 0.995045
0.444444 0.444444 0.997845
0.444444 0.888889 1.00091
0.555556 0 0.990762
0.555556 0.444444 0.992011
0.555556 0.888889 0.996193
0.333333 0.333333 0.998587
0.333333 0.777778 1.00248
0.333333 1.22222 1.0047
0.444444 0.333333 0.994646
0.444444 0.777778 0.997845
0.444444 1.22222 1.00131
0.555556 0.333333 0.989873
0.555556 0.777778 0.991344
0.555556 1.22222 0.996043
0.333333 0.666667 0.998743
0.333333 1.11111 1.00315
0.333333 1.55556 1.00559
0.444444 0.666667 0.994246
0.444444 1.11111 0.997845
0.444444 1.55556 1.00171
0.555556 0.666667 0.988985
0.555556 1.11111 0.990678
0.555556 1.55556 0.995894
0.666667 0 0.999055
0.666667 0.444444 1.00448
0.666667 0.888889 1.00734
0.777778 0 0.993447
0.777778 0.444444 0.997845
0.777778 0.888889 1.0025
0.888889 0 0.987215
0.888889 0.444444 0.98935
0.888889 0.888889 0.995597
0.666667 0.333333 0.999211
0.666667 0.777778 1.00514
0.666667 1.22222 1.00821
0.777778 0.333333 0.993048
0.777778 0.777778 0.997845
0.777778 1.22222 1.0029
0.888889 0.333333 0.986332
0.888889 0.777778 0.988687
0.888889 1.22222 0.99545
0.666667 0.666667 0.999368
0.666667 1.11111 1.0058
0.666667 1.55556 1.00908
0.777778 0.666667 0.992649
0.777778 1.11111 0.997845
0.777778 1.55556 1.0033
0.888889 0.666667 0.985452
0.888889 1.11111 0.988026
0.888889 1.55556 0.995303
